// PatSize	  TextSize	  Naive-RT	    KMP-RT
        10	     10000	       794	       738
       100	     10000	      1815	       343
      1000	     10000	       177	       445
        10	     20000	       213	       781
       100	     20000	       247	       421
      1000	     20000	       221	       333
     10000	     20000	       419	       612
        10	     30000	       283	       288
       100	     30000	       288	       279
      1000	     30000	       297	       377
     10000	     30000	       404	       814
        10	     40000	       596	       430
       100	     40000	       566	       374
      1000	     40000	       530	       548
     10000	     40000	       461	       610
        10	     50000	       709	       518
       100	     50000	       535	       512
      1000	     50000	       514	       571
     10000	     50000	       608	       729
        10	     60000	       610	       568
       100	     60000	       626	       572
      1000	     60000	       631	       588
     10000	     60000	       639	       696
        10	     70000	      1118	       805
       100	     70000	       705	       847
      1000	     70000	       740	       806
     10000	     70000	      1012	       962
        10	     80000	      1281	       759
       100	     80000	       950	       880
      1000	     80000	      1198	       840
     10000	     80000	      1233	       933
        10	     90000	       952	      1040
       100	     90000	       986	       872
      1000	     90000	       999	       922
     10000	     90000	       951	       899
        10	    100000	       983	      1040
       100	    100000	      1032	       989
      1000	    100000	       963	       997
     10000	    100000	       974	      1211
        10	    110000	      1328	      1059
       100	    110000	      1307	      1247
      1000	    110000	      1104	      1225
     10000	    110000	      1349	      1045
        10	    120000	      1172	      1087
       100	    120000	      1223	      1120
      1000	    120000	      1157	      1312
     10000	    120000	      1247	      1498
        10	    130000	      1280	      1803
       100	    130000	      1310	      1266
      1000	    130000	      1465	      1325
     10000	    130000	      1771	      1506
        10	    140000	      1673	      1357
       100	    140000	      1399	      1309
      1000	    140000	      1371	      1419
     10000	    140000	      1554	      1340
        10	    150000	      1486	      1466
       100	    150000	      1524	      1553
      1000	    150000	      1606	      1501
     10000	    150000	      2608	      1465
        10	    160000	      2250	      1568
       100	    160000	      1670	      1792
      1000	    160000	      1537	      1570
     10000	    160000	      1595	      1912
        10	    170000	      1661	      1659
       100	    170000	      1996	      1979
      1000	    170000	      1761	      2736
     10000	    170000	      2383	      2641
        10	    180000	      1908	      1735
       100	    180000	      1779	      1972
      1000	    180000	      1806	      1999
     10000	    180000	      2209	      1690
        10	    190000	      1888	      1810
       100	    190000	      1919	      1843
      1000	    190000	      1837	      1891
     10000	    190000	      2451	      1669
        10	    200000	      2032	      1986
       100	    200000	      2092	      1938
      1000	    200000	      2404	      1859
     10000	    200000	      2743	      2355
    100000	    200000	      2586	      2206
        10	    210000	      2267	      2111
       100	    210000	      2022	      2033
      1000	    210000	      3345	      2208
     10000	    210000	      2162	      1958
    100000	    210000	      2440	      3803
        10	    220000	      2323	      2075
       100	    220000	      2071	      2143
      1000	    220000	      2180	      2150
     10000	    220000	      2468	      1858
    100000	    220000	      2497	      1951
        10	    230000	      2320	      2171
       100	    230000	      2231	      2175
      1000	    230000	      2384	      2321
     10000	    230000	      2449	      2030
    100000	    230000	      2931	      3639
        10	    240000	      3134	      2267
       100	    240000	      2344	      2289
      1000	    240000	      2885	      2345
     10000	    240000	      3608	      2144
    100000	    240000	      2823	      2068
        10	    250000	      2609	      2317
       100	    250000	      2364	      2337
      1000	    250000	      2397	      2317
     10000	    250000	      2423	      2297
    100000	    250000	      2865	      2369
        10	    260000	      2501	      2722
       100	    260000	      2450	      2411
      1000	    260000	      2514	      2395
     10000	    260000	      2699	      2367
    100000	    260000	      3987	      2184
        10	    270000	      2713	      2744
       100	    270000	      2668	      2644
      1000	    270000	      2665	      2665
     10000	    270000	      2693	      2482
    100000	    270000	      3115	      3669
        10	    280000	      2690	      3674
       100	    280000	      2679	      2819
      1000	    280000	      3397	      3108
     10000	    280000	      4695	      2408
    100000	    280000	      3877	      2315
        10	    290000	      2836	      2709
       100	    290000	      2730	      2689
      1000	    290000	     11441	      2641
     10000	    290000	      5060	      2391
    100000	    290000	      3251	      2256
        10	    300000	      7705	      2813
       100	    300000	      2788	      2748
      1000	    300000	      2746	      2798
     10000	    300000	      6803	      2529
    100000	    300000	      3554	      2404
        10	    310000	      3570	      3290
       100	    310000	      3460	      2836
      1000	    310000	      3042	      2848
     10000	    310000	      3035	      2674
    100000	    310000	      3577	      4002
        10	    320000	      3732	      3680
       100	    320000	      3338	      3200
      1000	    320000	      3075	      3240
     10000	    320000	      3372	      3159
    100000	    320000	      6211	      2438
        10	    330000	      3287	      3016
       100	    330000	      3559	      3131
      1000	    330000	      3241	      3243
     10000	    330000	      3383	      2819
    100000	    330000	      3956	      2448
        10	    340000	      3291	      3259
       100	    340000	      3456	      3234
      1000	    340000	      3600	      3090
     10000	    340000	      3433	      2943
    100000	    340000	      3906	      3758
        10	    350000	      4074	      3270
       100	    350000	      3994	      3287
      1000	    350000	      3659	      3214
     10000	    350000	      4495	      3004
    100000	    350000	      4470	      3894
        10	    360000	      4362	      3322
       100	    360000	      3594	      3534
      1000	    360000	      3484	      3270
     10000	    360000	      3550	      3033
    100000	    360000	      4523	      2650
        10	    370000	      4920	      3620
       100	    370000	      5204	      3522
      1000	    370000	      3677	      3431
     10000	    370000	      3724	      3140
    100000	    370000	      4381	      2677
        10	    380000	      3755	      3575
       100	    380000	      3898	      3676
      1000	    380000	      3759	      3656
     10000	    380000	      4349	      3381
    100000	    380000	      4778	      4278
        10	    390000	      5134	      4797
       100	    390000	      3816	      3844
      1000	    390000	      3714	      3834
     10000	    390000	      3820	      3591
    100000	    390000	      4587	      3964
        10	    400000	      4840	      3827
       100	    400000	      4837	      3907
      1000	    400000	      4114	      3720
     10000	    400000	      3848	      4084
    100000	    400000	      4726	      5061
        10	    410000	      6315	      3869
       100	    410000	      5924	      3798
      1000	    410000	      6398	      4023
     10000	    410000	      5033	      3575
    100000	    410000	      7240	      3261
        10	    420000	      4186	      3822
       100	    420000	      5623	      5120
      1000	    420000	      5704	      4910
     10000	    420000	      4221	      3587
    100000	    420000	      4791	      3703
        10	    430000	      4358	      4250
       100	    430000	      4933	      4011
      1000	    430000	      4165	      4017
     10000	    430000	      4167	      3995
    100000	    430000	      5448	      2978
        10	    440000	      6405	      4151
       100	    440000	      4462	      4093
      1000	    440000	      4462	      4337
     10000	    440000	      5198	      4619
    100000	    440000	      5064	      2879
        10	    450000	      6186	      5682
       100	    450000	      4959	      4230
      1000	    450000	      5116	      4147
     10000	    450000	      4436	      3721
    100000	    450000	      8002	      4267
        10	    460000	      4413	      4266
       100	    460000	      6366	      4247
      1000	    460000	      4590	      4268
     10000	    460000	      4521	      3863
    100000	    460000	      5376	      4654
        10	    470000	      4525	      5520
       100	    470000	      4779	      5376
      1000	    470000	      4707	      5471
     10000	    470000	      5648	      3950
    100000	    470000	      8162	      3873
        10	    480000	      4584	      4448
       100	    480000	      4706	      5189
      1000	    480000	      4692	      4396
     10000	    480000	      4839	      4013
    100000	    480000	      5677	      4435
        10	    490000	      4619	      4612
       100	    490000	      4666	      4592
      1000	    490000	      6011	      4505
     10000	    490000	      5522	      4340
    100000	    490000	      6075	      4907
        10	    500000	      6098	      4695
       100	    500000	      4941	      4656
      1000	    500000	      5660	      4645
     10000	    500000	      5160	      4177
    100000	    500000	      5830	      3107
        10	    510000	      4899	      5306
       100	    510000	      4922	      5265
      1000	    510000	      5664	      5037
     10000	    510000	      5078	      4255
    100000	    510000	      5982	      4321
        10	    520000	      6789	      4835
       100	    520000	      5686	      4932
      1000	    520000	      5551	      4860
     10000	    520000	      5071	      4390
    100000	    520000	      6014	      3149
        10	    530000	      4999	      4961
       100	    530000	      5235	      5861
      1000	    530000	      5076	      5009
     10000	    530000	      5204	      5055
    100000	    530000	      6316	      6004
        10	    540000	      5397	      5118
       100	    540000	      5229	      5081
      1000	    540000	      5201	      4970
     10000	    540000	      5261	      5153
    100000	    540000	      6302	      4469
        10	    550000	      5232	      5921
       100	    550000	      5349	      5879
      1000	    550000	      5205	      5442
     10000	    550000	      5452	      4709
    100000	    550000	      6461	      3403
        10	    560000	      6065	      5385
       100	    560000	      6258	      5190
      1000	    560000	      5428	      5289
     10000	    560000	      5593	      5885
    100000	    560000	      6794	      3333
        10	    570000	      7031	      5394
       100	    570000	      5998	      5373
      1000	    570000	      6311	      5357
     10000	    570000	      5524	      4797
    100000	    570000	      9681	      4462
        10	    580000	      5472	      5347
       100	    580000	      7581	      5381
      1000	    580000	      5556	      5372
     10000	    580000	      5678	      4929
    100000	    580000	      7136	      3717
        10	    590000	      8916	      5538
       100	    590000	      5559	      5526
      1000	    590000	      6249	      5488
     10000	    590000	      6330	      4964
    100000	    590000	      6890	      3595
        10	    600000	      5706	      5592
       100	    600000	      7376	      5656
      1000	    600000	      6292	      5659
     10000	    600000	      5885	      5037
    100000	    600000	      6962	      7077
        10	    610000	      5777	      5767
       100	    610000	      5897	      5700
      1000	    610000	      5830	      5774
     10000	    610000	      5928	      5100
    100000	    610000	      7125	      4720
        10	    620000	      6651	      5784
       100	    620000	      8040	      5981
      1000	    620000	      5914	      6172
     10000	    620000	      6080	      5996
    100000	    620000	      7242	      5021
        10	    630000	      6582	      6056
       100	    630000	      6618	      6222
      1000	    630000	      6585	      5926
     10000	    630000	      6373	      5274
    100000	    630000	      8535	      3756
        10	    640000	      7362	      6260
       100	    640000	      6468	      5975
      1000	    640000	      6932	      6009
     10000	    640000	      6279	      5541
    100000	    640000	     10031	      4500
        10	    650000	      6688	      5875
       100	    650000	      6272	      6295
      1000	    650000	      6687	      7014
     10000	    650000	      6470	      7477
    100000	    650000	      7515	      4326
        10	    660000	      6257	      7386
       100	    660000	      6166	      6238
      1000	    660000	      6629	      6312
     10000	    660000	      6625	      5696
    100000	    660000	     10414	      5514
        10	    670000	      6995	      7658
       100	    670000	      6857	      6514
      1000	    670000	      6602	      6179
     10000	    670000	      6754	      5699
    100000	    670000	      7968	      3884
        10	    680000	      6658	      6580
       100	    680000	      6642	      6464
      1000	    680000	      6539	      6420
     10000	    680000	      8699	      5849
    100000	    680000	      8138	      5184
        10	    690000	      6838	      6524
       100	    690000	      7095	      6697
      1000	    690000	      9380	      6923
     10000	    690000	      7887	      7353
    100000	    690000	      8242	      4098
        10	    700000	      6891	      6572
       100	    700000	      6728	      6807
      1000	    700000	      6698	      6872
     10000	    700000	      6997	      6024
    100000	    700000	      8462	      6182
        10	    710000	      7971	      6625
       100	    710000	      6823	      6815
      1000	    710000	      6806	      6875
     10000	    710000	      7095	      6999
    100000	    710000	      8474	      4163
        10	    720000	      9157	      7362
       100	    720000	      6883	      7194
      1000	    720000	      7229	      6801
     10000	    720000	      7136	      6076
    100000	    720000	     10119	      4184
        10	    730000	      7101	      6853
       100	    730000	      7063	      6978
      1000	    730000	      7845	      7009
     10000	    730000	      7284	      6011
    100000	    730000	      8542	      5555
        10	    740000	      7222	      6961
       100	    740000	      8296	      6961
      1000	    740000	      7830	      6821
     10000	    740000	      7498	      8290
    100000	    740000	      8804	      4163
        10	    750000	      8338	      6975
       100	    750000	      7200	      7050
      1000	    750000	      7078	      7185
     10000	    750000	      7229	      6513
    100000	    750000	      8756	      4334
        10	    760000	      8455	      7425
       100	    760000	      7425	      7072
      1000	    760000	      7189	      7043
     10000	    760000	     10121	      6226
    100000	    760000	     14106	      4352
        10	    770000	      7814	      7534
       100	    770000	      7675	      7276
      1000	    770000	      7297	      9012
     10000	    770000	      7625	      6402
    100000	    770000	     11320	      4286
        10	    780000	      7449	      8080
       100	    780000	      7291	      7307
      1000	    780000	      7411	      7332
     10000	    780000	      8050	      8054
    100000	    780000	     13633	      6335
        10	    790000	      7928	      7705
       100	    790000	      7706	      7767
      1000	    790000	      7899	      7357
     10000	    790000	      7938	      6855
    100000	    790000	      9312	      5361
        10	    800000	      7564	      7454
       100	    800000	      7653	      7432
      1000	    800000	      7650	      7446
     10000	    800000	      7761	      6731
    100000	    800000	     10465	      5885
        10	    810000	      7635	      7619
       100	    810000	      8034	      8136
      1000	    810000	      8059	      7421
     10000	    810000	      7930	      6818
    100000	    810000	      9686	      6859
        10	    820000	     12078	      7800
       100	    820000	      8158	      7616
      1000	    820000	      7830	      8221
     10000	    820000	      8049	      7287
    100000	    820000	      9656	      4425
        10	    830000	      7783	      7756
       100	    830000	      8036	      7724
      1000	    830000	      8000	      7613
     10000	    830000	     10535	      7003
    100000	    830000	     15096	      4875
        10	    840000	      8577	      7896
       100	    840000	      8777	      8448
      1000	    840000	      8228	      9234
     10000	    840000	      8415	      7266
    100000	    840000	     10022	      6495
        10	    850000	      7944	      9977
       100	    850000	      8516	      7929
      1000	    850000	     10444	      8183
     10000	    850000	     12199	      7127
    100000	    850000	      9899	      4642
        10	    860000	      8076	      8061
       100	    860000	     10913	      8553
      1000	    860000	     10195	      8032
     10000	    860000	      8247	      8162
    100000	    860000	     12756	      4752
        10	    870000	      8474	     10286
       100	    870000	      9710	      8946
      1000	    870000	      8482	      9298
     10000	    870000	      8683	      8332
    100000	    870000	     12693	      9536
        10	    880000	     11683	      8276
       100	    880000	      8401	      9415
      1000	    880000	      8772	      8247
     10000	    880000	      8680	      8055
    100000	    880000	     12463	      4868
        10	    890000	      9588	      8335
       100	    890000	      9278	      8344
      1000	    890000	      9163	      8668
     10000	    890000	      8611	      9638
    100000	    890000	     10306	      4723
        10	    900000	      8452	      8206
       100	    900000	     11100	      9020
      1000	    900000	     12815	      8311
     10000	    900000	      8564	      7441
    100000	    900000	     10664	      5003
        10	    910000	      8566	      8578
       100	    910000	      9381	      8560
      1000	    910000	      8794	      8865
     10000	    910000	      8863	      7471
    100000	    910000	     10747	      5016
        10	    920000	      8930	      8587
       100	    920000	      9271	      8711
      1000	    920000	      8858	      8579
     10000	    920000	      8863	     10896
    100000	    920000	     11740	      5055
        10	    930000	      9004	      8830
       100	    930000	      9099	      8687
      1000	    930000	      9010	      8636
     10000	    930000	      9117	      7710
    100000	    930000	     12092	      5053
        10	    940000	     10900	      8832
       100	    940000	      9886	      8854
      1000	    940000	      8934	      8866
     10000	    940000	      9116	     11042
    100000	    940000	     11016	      8584
        10	    950000	     11301	      8868
       100	    950000	     13012	      8941
      1000	    950000	     13478	      8850
     10000	    950000	     10996	      8073
    100000	    950000	     11051	      8451
        10	    960000	     10034	      9080
       100	    960000	      9243	      9041
      1000	    960000	      9095	      8918
     10000	    960000	      9311	      8051
    100000	    960000	     14402	      6342
        10	    970000	      9791	      9102
       100	    970000	      9233	      9309
      1000	    970000	     10623	     10615
     10000	    970000	      9377	      8102
    100000	    970000	     11261	      5171
        10	    980000	      9381	      9249
       100	    980000	     11252	      9374
      1000	    980000	     12248	      9190
     10000	    980000	      9440	      8283
    100000	    980000	     11423	      8421
        10	    990000	     10823	      9191
       100	    990000	      9376	      9991
      1000	    990000	      9350	      9117
     10000	    990000	      9786	      8185
    100000	    990000	     11687	      5345
        10	   1000000	      9655	     10442
       100	   1000000	      9698	      9354
      1000	   1000000	     10356	      9199
     10000	   1000000	      9644	      8258
    100000	   1000000	     11839	      5104
